1 4
7 4
12 4
13 4
18 4
24 4
68 4
100 4
110 4
111 4
127 6
128 4
134 4
136 4
148 8
149 6
150 4
182 6
183 4
191 4
192 6
193 4
205 4
209 4
233 6
234 4
240 4
242 4
248 6
249 4
260 8
261 6
262 4
268 4
269 4
274 4
275 4
358 4
361 4
364 6
365 4
378 4
401 4
414 4
453 12
454 10
455 8
456 4
456 6
457 4
458 4
470 6
471 4
473 4
491 8
492 4
492 6
493 4
494 4
511 4
550 4
575 4
597 4
613 8
614 6
615 4
634 6
635 4
674 6
675 4
682 4
692 6
693 4
705 4
728 4
731 4
767 4
773 4
773 6
774 4
774 6
775 4
776 4
804 4
823 8
824 4
824 6
825 4
826 4
831 8
832 6
833 4
850 4
853 6
854 4
869 8
870 6
871 4
893 4
908 4
909 6
910 4
913 4
