994
246 661
570 460
155 455
95 131
7 2
321 481
104 855
656 291
262 883
557 255
67 155
892 822
334 868
327 269
172 162
270 676
119 627
199 647
124 484
119 207
13 693
492 533
707 303
90 161
182 244
407 325
255 82
123 544
63 102
244 586
335 793
770 507
189 433
592 499
341 95
485 296
175 126
672 437
236 360
61 292
527 727
642 688
62 120
690 787
556 760
304 244
25 830
470 260
336 76
167 877
295 924
171 820
58 70
559 50
88 60
175 250
430 502
81 49
332 41
780 35
98 296
837 839
909 298
168 69
694 486
279 580
8 5
690 969
114 253
65 106
338 33
670 744
74 699
823 133
666 206
499 239
330 88
128 663
799 208
708 835
1 4
562 452
217 818
278 144
984 105
303 228
182 333
624 811
71 965
342 420
706 26
975 535
802 484
193 320
140 159
787 832
330 378
825 588
896 613
680 649
169 210
352 435
590 134
186 42
768 682
119 3
405 309
673 436
317 108
843 594
288 266
252 777
130 289
749 65
615 255
375 833
51 231
308 554
188 745
281 25
219 48
301 391
24 124
779 641
448 55
156 608
225 827
282 403
814 570
451 435
169 531
165 126
970 786
50 851
815 502
31 26
388 304
55 48
11 5
731 384
836 288
82 163
346 171
501 543
282 347
776 293
405 514
262 670
937 743
248 882
23 19
315 207
115 44
190 218
50 152
118 139
212 94
443 5
861 396
227 22
906 748
243 568
298 15
130 31
30 26
831 609
287 384
147 370
220 48
49 61
51 89
4 5
85 132
401 572
682 430
457 297
440 444
117 314
203 37
638 132
506 365
404 80
434 447
394 450
124 456
112 214
453 958
560 550
177 117
62 2
585 426
468 45
248 259
94 209
541 812
174 372
52 63
938 79
472 365
101 144
774 567
415 351
607 205
17 940
533 601
469 410
114 260
378 942
75 239
488 245
96 151
181 144
983 734
197 986
416 90
117 319
11 215
200 137
104 241
187 299
499 567
40 740
45 34
844 410
281 549
76 62
43 773
111 786
293 445
690 908
42 473
13 46
338 517
516 653
208 566
742 85
237 222
183 374
111 8
111 899
613 120
191 139
300 351
118 912
224 128
138 150
516 603
191 230
164 185
388 625
746 549
236 88
24 379
105 359
217 214
720 378
213 342
614 121
700 271
443 583
26 146
88 148
11 475
870 447
536 741
5 80
71 96
85 104
547 621
612 396
626 617
498 555
655 64
419 312
38 57
944 553
658 758
249 40
326 144
604 543
97 547
619 439
881 858
822 531
344 32
575 518
50 107
695 614
7 206
20 313
83 223
214 939
157 167
348 409
948 410
252 115
59 437
539 971
444 798
45 71
476 398
91 1
38 25
33 12
219 246
559 725
556 457
610 687
945 791
213 399
315 845
584 83
462 648
762 5
402 52
394 360
105 201
195 179
757 791
83 256
597 735
409 643
423 564
19 20
374 897
20 501
169 133
678 385
192 96
369 127
753 488
1 2
92 605
580 933
684 594
112 755
778 263
54 337
235 137
205 702
516 202
973 882
686 70
287 841
321 440
24 67
260 757
186 766
354 696
121 95
560 660
617 370
705 218
446 751
177 579
426 80
135 82
6 635
489 340
72 64
40 60
367 442
747 617
26 6
10 95
107 992
248 872
917 282
166 162
28 417
371 137
918 903
979 621
325 67
178 47
58 49
318 495
616 398
127 287
630 951
251 246
323 961
424 322
359 857
76 573
107 718
453 824
347 806
176 229
58 98
325 829
21 454
86 6
15 79
362 863
927 278
905 431
837 679
318 545
157 412
326 398
157 10
14 7
792 959
387 293
273 226
3 10
375 258
356 536
628 318
178 366
563 257
291 26
911 588
542 571
849 241
704 196
756 621
854 209
93 174
285 112
241 677
510 173
74 35
239 322
337 737
55 234
219 364
87 12
286 376
25 2
367 22
532 276
661 752
64 21
363 901
434 349
84 350
586 701
228 1
62 599
421 649
900 142
471 377
8 28
810 130
323 167
197 98
785 834
418 274
24 714
632 24
425 315
147 767
40 183
87 991
176 142
486 228
274 214
390 782
361 292
98 518
819 270
885 780
922 194
101 308
95 862
925 57
852 869
22 5
90 188
692 932
216 474
80 432
7 21
441 136
160 86
191 981
310 709
266 955
395 68
803 434
454 879
633 71
703 557
654 514
343 272
250 383
297 772
352 181
606 456
644 129
202 279
353 430
730 670
785 421
101 194
528 577
496 325
600 168
801 259
898 651
30 53
180 400
600 711
81 646
966 430
296 340
651 371
109 57
429 210
808 778
14 16
32 914
216 957
469 874
79 642
623 534
928 556
99 127
939 941
50 17
150 173
860 470
349 319
301 84
463 416
804 223
261 106
410 56
657 628
271 64
916 71
683 379
59 1
47 16
134 39
595 104
538 453
322 987
23 895
994 898
282 254
637 534
243 312
589 583
300 504
369 935
618 4
62 140
588 168
12 184
128 581
139 962
721 141
82 674
719 358
123 264
106 125
8 52
147 716
368 220
169 550
163 385
257 189
43 1
49 19
397 134
345 641
515 394
381 24
797 60
112 77
947 445
284 189
310 261
179 56
92 60
519 112
21 122
19 40
250 503
413 264
551 245
333 739
963 517
989 559
114 63
69 624
1 763
883 886
307 929
133 309
103 248
187 178
972 902
568 723
458 919
183 800
865 380
153 118
505 260
158 22
269 20
428 30
72 118
597 516
985 227
907 832
315 331
262 116
24 1
784 76
87 658
340 734
78 204
117 2
871 212
96 377
77 421
735 930
307 283
732 805
173 275
884 786
16 265
775 691
97 85
670 807
65 101
306 910
724 700
750 889
817 379
257 525
860 931
203 295
859 825
246 715
847 490
69 61
462 490
83 650
894 804
848 416
320 493
108 40
334 209
65 2
52 280
771 43
561 3
401 6
335 353
11 84
312 542
511 521
451 500
49 51
630 492
270 207
46 83
813 604
34 54
662 237
128 106
842 840
97 788
840 262
789 26
640 526
483 115
222 202
629 795
424 629
511 266
976 334
757 988
355 386
398 729
91 453
792 417
266 540
364 952
712 193
8 13
552 344
507 208
461 400
913 315
596 345
263 192
437 738
438 17
828 147
887 268
226 392
11 113
65 213
647 893
477 23
3 2
192 290
796 47
93 713
240 40
238 184
76 105
520 245
390 184
182 84
691 285
27 1
401 591
45 68
754 632
681 524
667 590
974 322
936 208
76 193
9 6
277 209
408 108
608 954
180 692
234 427
172 652
9 439
123 35
80 362
241 487
154 127
527 98
55 156
13 18
208 272
582 77
49 208
735 967
790 610
20 141
351 529
140 145
764 278
243 228
50 389
411 64
242 237
732 511
890 861
22 48
205 51
305 204
602 113
634 5
291 769
78 2
127 129
578 525
51 147
211 207
246 247
137 65
492 248
556 982
669 596
55 56
867 637
866 848
4 576
873 418
306 301
345 125
459 156
73 27
429 610
58 202
891 437
491 404
5 335
102 393
307 759
664 880
6 90
41 36
904 144
560 964
689 145
541 339
431 464
193 462
414 411
631 394
27 659
710 706
161 164
286 215
750 666
482 299
44 316
172 180
783 105
722 389
233 34
399 968
260 675
672 956
460 116
920 454
668 665
199 19
975 980
56 133
258 294
29 15
497 339
993 611
839 950
78 809
446 358
178 245
743 604
260 355
36 26
736 265
526 312
7 12
728 99
758 853
126 97
95 530
436 107
466 303
726 600
198 915
726 875
116 198
977 850
108 232
494 100
297 229
138 61
82 34
380 294
29 548
413 535
458 150
110 321
161 267
594 39
748 221
431 288
761 110
47 258
422 765
717 430
524 403
348 2
74 110
664 640
423 195
18 189
35 17
14 93
838 572
960 688
539 236
51 142
587 375
603 698
66 49
161 467
216 91
611 246
42 143
639 539
7 300
454 943
85 149
480 55
736 978
729 846
349 921
949 689
68 478
850 465
226 219
111 136
878 476
333 546
356 4
255 509
224 512
636 330
174 679
819 826
554 620
794 341
852 355
199 816
953 399
365 86
15 382
730 876
884 990
81 328
146 254
708 393
511 553
479 174
574 622
445 609
78 268
26 34
99 29
103 31
125 196
24 94
902 802
512 558
350 406
27 339
690 377
569 372
34 44
182 534
311 52
519 864
192 357
923 246
522 193
510 565
697 399
39 31
57 77
239 329
672 856
537 529
85 190
373 528
96 318
276 128
83 100
80 171
508 276
221 172
182 888
17 9
733 27
498 49
422 183
101 465
903 271
266 283
645 433
98 170
